determinant: 1.0
rank: 3
reverse matrix: [[0.0, 0.16666666666666666, 0.0], [-0.0, 0.18518518518518517, -0.2222222222222222], [26.99999999999988, -28.99999999999987, 23.999999999999893]]
Solution: [4.0, 0.0, -1.0]